000000000000000000000000000000
011111101111111111111111111111
000001000000010000000000000001
010111110101000111111101111111
010010011111110000000100000001
011000110001011111111111111111
001010000111010101000010010001
011010110000000000011110110111
001010100101010101000000010001
011010111101111111011101000111
001110100000000001000101010001
011010101010111111111111110111
000011101010000000000000010001
010110001010111111101101110111
010010101010000000111000010001
111010111010101010001111110111
100010010010101111111000010001
110111011010100010101011111101
100010010011111000000000000101
111011011000001011111111111111
100010010011101000000000000101
111011011000101110101011111101
100010010011101010111000000001
101011010110000010001011110111
101010010011101110111110011101
101111010110000100001010110101
101000010010101110100000000001
101101010110101010101010110111
101001010010100010101010100001
111111111111111111111111111111
